1.279080995540301559e-02
7.391209082137483177e-01
8.940042931633896961e-01
9.196533255347730806e-01
9.296923509681095377e-01
9.352019111893301595e-01
9.388545213553960433e-01
9.415112463839556689e-01
9.435532808611493127e-01
9.452246356595466192e-01
9.465963576557060444e-01
9.477247923146375763e-01
9.486977174105274413e-01
9.495598645198498611e-01
9.503074707721174130e-01
9.509715935970285416e-01
9.515595242503886997e-01
9.520877142071053623e-01
9.525623610176844336e-01
9.529974719443116138e-01
9.533913361076246096e-01
9.537534383387649140e-01
9.540889511706777126e-01
9.544024451571666567e-01
9.547056466574559419e-01
9.549918511337256444e-01
9.552629738095421708e-01
9.555254705907454404e-01
9.557779840608275901e-01
9.560101937389179350e-01
9.562208387633338580e-01
9.564176094925679328e-01
9.566049577531199333e-01
9.567777402359387562e-01
9.569391186021775075e-01
9.570955916856713763e-01
9.572449292034841406e-01
9.573824554002964282e-01
9.575094649066219210e-01
9.576313206366571240e-01
9.577529115531554504e-01
9.578698362441264713e-01
9.579833363587114681e-01
9.580933810414944407e-01
9.581976539740271193e-01
9.582979489309708665e-01
9.583919759350290057e-01
9.584800884838623469e-01
9.585674728889546081e-01
9.586517639442080352e-01
9.587326985002970758e-01
9.588103022946571352e-01
9.588842619248255650e-01
9.589560958890214204e-01
9.590287781408625145e-01
9.591024841124429212e-01
9.591761375070548823e-01
9.592491561898225383e-01
9.593221400828845224e-01
9.593954909977910894e-01
9.594691411368115874e-01
9.595443203121013509e-01
9.596219140171807771e-01
9.597018231954347334e-01
9.597804106759717513e-01
9.598589098086323101e-01
9.599341784052914939e-01
9.600052937230539873e-01
9.600738325641092752e-01
9.601379430486929323e-01
9.601979656832917431e-01
9.602536475596801235e-01
9.603087481458459918e-01
9.603642973934014559e-01
9.604233057347875135e-01
9.604833631064636501e-01
9.605440675872780609e-01
9.605999769272351996e-01
9.606485873230959927e-01
9.606933608375155531e-01
9.607356489044525105e-01
9.607760526119158984e-01
9.608128626485321622e-01
9.608460321235842150e-01
9.608760019151884046e-01
9.609045389008955551e-01
9.609324621515096254e-01
9.609598850553655591e-01
9.609840797793453016e-01
9.610072302210701523e-01
9.610306198581373138e-01
9.610547892945621173e-01
9.610783148130918052e-01
9.611008543784718139e-01
9.611220632947231612e-01
9.611423116678711187e-01
9.611644281977268500e-01
9.611872642486842810e-01
9.612086419271835824e-01
9.612313879418434848e-01
9.612542109775139565e-01
9.612750074925522359e-01
9.612948040186675147e-01
9.613111006285591786e-01
9.613291411777873385e-01
9.613462521793303406e-01
9.613603638190191258e-01
9.613723664547214609e-01
9.613817761445783150e-01
9.613915074292338492e-01
9.614017057834464142e-01
9.614107424975713023e-01
9.614195770635822758e-01
9.614288249736495651e-01
9.614373396129012317e-01
9.614427791531600098e-01
9.614479839242942028e-01
9.614531244984663161e-01
9.614588981619794916e-01
9.614661594140305745e-01
9.614751669013986701e-01
9.614845923336717837e-01
9.614946809936758543e-01
9.615053629128612611e-01
9.615171628350978050e-01
9.615292026484842935e-01
9.615411063303231920e-01
9.615526500363732465e-01
9.615647795832508171e-01
9.615760053813199315e-01
9.615863103329667094e-01
9.615970648287184286e-01
9.616087595140233590e-01
9.616202188165184905e-01
9.616311105021845274e-01
9.616421355004222127e-01
9.616540667894778460e-01
9.616665814773465160e-01
9.616802960301407133e-01
9.616952472014681508e-01
9.617126881262045845e-01
9.617320883542791465e-01
9.617520202067736390e-01
9.617733605194687119e-01
9.617963922441330471e-01
9.618195426253486335e-01
9.618447192125084699e-01
9.618720214309587346e-01
9.619002350361144371e-01
9.619276641627435565e-01
9.619545886783900102e-01
9.619830700852465277e-01
9.620129752112462906e-01
9.620439787197755388e-01
9.620747308476681470e-01
9.621041558729452881e-01
9.621320360616812950e-01
9.621570985992426994e-01
9.621792085375985293e-01
9.621996317848924285e-01
9.622191789186608224e-01
9.622378027162050707e-01
9.622548501987713276e-01
9.622699864524412172e-01
9.622846833062789207e-01
9.623010697504519317e-01
9.623179208416540176e-01
9.623339124572483083e-01
9.623497843632592419e-01
9.623656287572392998e-01
9.623797317775262261e-01
9.623943821984581870e-01
9.624096225862682763e-01
9.624244198896405589e-01
9.624390734377095136e-01
9.624541109876587619e-01
9.624679106933134998e-01
9.624811860822151122e-01
9.624944782723251491e-01
9.625066809318921779e-01
9.625184202819756507e-01
9.625296260630988865e-01
9.625407696875447616e-01
9.625525744638401271e-01
9.625643848472600350e-01
9.625751660253616393e-01
9.625852198549513794e-01
9.625955824806708971e-01
9.626062717800480950e-01
9.626162841892249578e-01
9.626267100483839600e-01
9.626375248806714469e-01
9.626472600346069886e-01
9.626553443341711036e-01
9.626636048591618033e-01
9.626722341633798807e-01
9.626808001978106599e-01
9.626901851290623480e-01
9.626999100782768215e-01
9.627111574276965289e-01
9.627235649127990902e-01
9.627362161399509732e-01
9.627482936926583523e-01
9.627598935845190775e-01
9.627710149302664000e-01
9.627814405249542906e-01
9.627918030233333369e-01
9.628024312020003750e-01
9.628139339971871768e-01
9.628259975749560162e-01
9.628390605842865879e-01
9.628525989286028652e-01
9.628666029264438819e-01
9.628795015862633422e-01
9.628913954405542430e-01
9.629017139249200774e-01
9.629125099309338021e-01
9.629241328284717794e-01
9.629355249760804814e-01
9.629465699619770280e-01
9.629565302676893479e-01
9.629656887465661841e-01
9.629740017359781357e-01
9.629825969919437734e-01
9.629909947693504613e-01
9.629999047400531476e-01
9.630095894298317249e-01
9.630205796008762809e-01
9.630329086560754925e-01
9.630468704318091433e-01
9.630615492938340294e-01
9.630747868716098559e-01
9.630858995491810015e-01
9.630959948637917156e-01
9.631055723314465578e-01
9.631148499894505166e-01
9.631241028749902844e-01
9.631334808492066912e-01
9.631418523459276404e-01
9.631504924338127882e-01
9.631596489446984100e-01
9.631680617639959419e-01
9.631753668145306424e-01
9.631818943489591778e-01
9.631875963710337940e-01
9.631930125268898246e-01
9.631989354068204445e-01
9.632061224455977788e-01
9.632151748687285409e-01
9.632242667675516845e-01
9.632323842072229025e-01
9.632394709078928585e-01
9.632465013726415615e-01
9.632527082391021400e-01
9.632582962323609221e-01
9.632636746522719173e-01
9.632686040830276131e-01
9.632726043281609751e-01
9.632761038611590276e-01
9.632796010326131197e-01
9.632834655728416129e-01
9.632873749992943990e-01
9.632917245056011879e-01
9.632961543947001770e-01
9.633007891851579352e-01
9.633053509428382011e-01
9.633096465470220027e-01
9.633136968917279663e-01
9.633179238291174062e-01
9.633225966688008235e-01
9.633278698623821690e-01
9.633340464778408219e-01
9.633406794268272177e-01
9.633468747441684688e-01
9.633528713297834223e-01
9.633585749384515617e-01
9.633637057931588865e-01
9.633686823857534609e-01
9.633738658317394510e-01
9.633793822584133526e-01
9.633851392797697644e-01
9.633908918011603317e-01
9.633971255140694190e-01
9.634031764764872108e-01
9.634092301128154290e-01
9.634159487980525904e-01
9.634231243853431659e-01
9.634298552412982053e-01
9.634352288569641987e-01
9.634410669498937319e-01
9.634478456048836126e-01
9.634554445162732961e-01
9.634631684170568144e-01
9.634697961778369013e-01
9.634748284359002657e-01
9.634788950253062589e-01
9.634824828104803229e-01
9.634869003651280739e-01
9.634916224842031696e-01
9.634965746654696739e-01
