3.290170587526306673e-02
6.970900780409292619e-01
8.601281222957257722e-01
8.997087452788224970e-01
9.143247811283671256e-01
9.221637974413042782e-01
9.271960512881440852e-01
9.307184280657885278e-01
9.333438382273352429e-01
9.353836951620833062e-01
9.369720573083207826e-01
9.382541986360405373e-01
9.393318006038334778e-01
9.402461327391107293e-01
9.410397275381169324e-01
9.417362983786138342e-01
9.423520421954861837e-01
9.429064058923506408e-01
9.434246140951434434e-01
9.438974853586895586e-01
9.443282497366038974e-01
9.447274298078449650e-01
9.450914284815782329e-01
9.454231786768254597e-01
9.457348184261217261e-01
9.460239388647296854e-01
9.462917254114747712e-01
9.465359211302492026e-01
9.467665066654884498e-01
9.469867123455238955e-01
9.471915522788826314e-01
9.473837890243003157e-01
9.475635594730555944e-01
9.477389188560433331e-01
9.478995770015137268e-01
9.480540940607095068e-01
9.482047172922419831e-01
9.483477496886272284e-01
9.484861419391372728e-01
9.486211120128207330e-01
9.487517624522434634e-01
9.488812361647440685e-01
9.490087974848755437e-01
9.491337712083411926e-01
9.492525498562327524e-01
9.493661429051852840e-01
9.494749750478957973e-01
9.495802491173820359e-01
9.496842744422367977e-01
9.497870271456885227e-01
9.498880561236845432e-01
9.499871676864303227e-01
9.500866413220562245e-01
9.501877493872381564e-01
9.502892871065374836e-01
9.503916693324726550e-01
9.504896577934518476e-01
9.505841417276978955e-01
9.506740303098402123e-01
9.507583391797196359e-01
9.508353926281907231e-01
9.509070888122660437e-01
9.509750545641035835e-01
9.510378155361669528e-01
9.510959897775347338e-01
9.511503765152933276e-01
9.512038967846254689e-01
9.512575431921062030e-01
9.513092274785547309e-01
9.513579221627301852e-01
9.514064626390218438e-01
9.514530538000405269e-01
9.514980869610448755e-01
9.515427446883790719e-01
9.515866224359951220e-01
9.516299916630889255e-01
9.516736344432095152e-01
9.517156459719542383e-01
9.517549966072132994e-01
9.517914378843362888e-01
9.518248185928794847e-01
9.518549809943955831e-01
9.518823636613014116e-01
9.519090438568210688e-01
9.519371237284252052e-01
9.519673174243623581e-01
9.519991841557351453e-01
9.520329116023211746e-01
9.520673542965147895e-01
9.521017266794384870e-01
9.521356670875730233e-01
9.521691529534337395e-01
9.522020976752763044e-01
9.522347946786571260e-01
9.522657996059475938e-01
9.522973621738680672e-01
9.523318902953997744e-01
9.523656740611509131e-01
9.523988874829213414e-01
9.524323086234330882e-01
9.524643859474566376e-01
9.524972605366192058e-01
9.525288892910638294e-01
9.525592899850379158e-01
9.525902196802982225e-01
9.526195905099206218e-01
9.526473856986584776e-01
9.526742744401018870e-01
9.527000224275887774e-01
9.527261394282448004e-01
9.527522755542252586e-01
9.527784600422409822e-01
9.528056603365634425e-01
9.528334750519972252e-01
9.528600997228807712e-01
9.528839625917180367e-01
9.529063733780108736e-01
9.529292959888745473e-01
9.529520221089666787e-01
9.529727186419256757e-01
9.529930206489110045e-01
9.530122868536258229e-01
9.530302809567929856e-01
9.530480784868337052e-01
9.530676500968292553e-01
9.530881679961566988e-01
9.531100131294185651e-01
9.531342356688201622e-01
9.531615573702527655e-01
9.531907033234832127e-01
9.532199056784732560e-01
9.532480684422207640e-01
9.532756276019572761e-01
9.533026809543185820e-01
9.533274036293322151e-01
9.533496916042280001e-01
9.533711433455593909e-01
9.533908344744156382e-01
9.534096497479570553e-01
9.534290369592143266e-01
9.534482667250895327e-01
9.534662966315929911e-01
9.534837843044586814e-01
9.535006821690955592e-01
9.535174735186197070e-01
9.535345467486985305e-01
9.535518685909115666e-01
9.535697055415476298e-01
9.535883616845252098e-01
9.536070979835237216e-01
9.536265379353034977e-01
9.536461445337078846e-01
9.536659020799204134e-01
9.536860168180580910e-01
9.537068759494872205e-01
9.537278310560293182e-01
9.537479617856167158e-01
9.537678780222202946e-01
9.537866391500946506e-01
9.538040558333086283e-01
9.538205452005723561e-01
9.538352917114153451e-01
9.538484228026906653e-01
9.538595224505755921e-01
9.538688703476491115e-01
9.538772982699610381e-01
9.538847760398057041e-01
9.538925600786393177e-01
9.539018420992494418e-01
9.539125882459693617e-01
9.539236175759365777e-01
9.539357167951194594e-01
9.539498505313112053e-01
9.539649108287970858e-01
9.539797697158425294e-01
9.539948242254474575e-01
9.540090263923588498e-01
9.540231553110531948e-01
9.540377911381824338e-01
9.540507515974816499e-01
9.540643496400141865e-01
9.540778161569679616e-01
9.540907363997609414e-01
9.541032206356839795e-01
9.541157318906873241e-01
9.541279421918020809e-01
9.541400559110260193e-01
9.541526099711281628e-01
9.541657859201759795e-01
9.541792172059838650e-01
9.541945096162396389e-01
9.542123209091376568e-01
9.542333879390410001e-01
9.542557681837195993e-01
9.542765647211614022e-01
9.542962688955302086e-01
9.543140155105680478e-01
9.543312964367468565e-01
9.543485100924543607e-01
9.543657787369819179e-01
