-1.167961873026079379e-02
7.506201791712260318e-01
8.967066210068451726e-01
9.204854442635422851e-01
9.301926563316496033e-01
9.357067009374109290e-01
9.393321846186486468e-01
9.419061928189982336e-01
9.439350841581732876e-01
9.456099025818599513e-01
9.469882786753023307e-01
9.481185057666657867e-01
9.490608112443468247e-01
9.498690166268453083e-01
9.505867302355827109e-01
9.512239374839538408e-01
9.517939842107527859e-01
9.523176867227728382e-01
9.527824959367892088e-01
9.531980618544613204e-01
9.535650738057738218e-01
9.538955999683756959e-01
9.542054487252533690e-01
9.544927159276249684e-01
9.547574574386874513e-01
9.549879201721502842e-01
9.551963255949105225e-01
9.553949658190563632e-01
9.555953049163804502e-01
9.557954246631750195e-01
9.559961274762885930e-01
9.561917271608405544e-01
9.563844729937688305e-01
9.565709451186348300e-01
9.567514713856090092e-01
9.569304931497676359e-01
9.570953487238158530e-01
9.572472690503290860e-01
9.573881449085075435e-01
9.575241822628677291e-01
9.576514766409842672e-01
9.577712766152350898e-01
9.578866116802059461e-01
9.579923143630767468e-01
9.581000578862959305e-01
9.582090046878823930e-01
9.583149268683710531e-01
9.584146510386206685e-01
9.585084287434418870e-01
9.585973175336922614e-01
9.586799760026314399e-01
9.587590017894995764e-01
9.588388910929335207e-01
9.589189675481060160e-01
9.589993878289875262e-01
9.590786231995286348e-01
9.591559918591242573e-01
9.592324389148233488e-01
9.593068265849188370e-01
9.593834757405605984e-01
9.594585137027087374e-01
9.595284301115761805e-01
9.595926593036765428e-01
9.596524811696993673e-01
9.597086834501187269e-01
9.597623873646181636e-01
9.598148962792464323e-01
9.598659919810212937e-01
9.599190202006830930e-01
9.599754512984339794e-01
9.600326395172406047e-01
9.600844076091448187e-01
9.601316763452211189e-01
9.601723745059498327e-01
9.602082723126872388e-01
9.602400627196567839e-01
9.602704014448439906e-01
9.603017880454448596e-01
9.603377432751873943e-01
9.603790490236870925e-01
9.604223423330445764e-01
9.604638986241841314e-01
9.605021241432065704e-01
9.605339186913957050e-01
9.605637077838609095e-01
9.605913628472284582e-01
9.606198729241818279e-01
9.606479235591787180e-01
9.606765755048199962e-01
9.607047242976578527e-01
9.607313760870828112e-01
9.607565629513770133e-01
9.607798820977708765e-01
9.608045744800315369e-01
9.608298875065086619e-01
9.608552172435752547e-01
9.608801830195731197e-01
9.609065900775937141e-01
9.609344286098692178e-01
9.609626919290324976e-01
9.609896153665324903e-01
9.610151576840884058e-01
9.610384304812220613e-01
9.610597407103752543e-01
9.610795584717358730e-01
9.610990678197917081e-01
9.611211848497689392e-01
9.611443814909448324e-01
9.611684079186483265e-01
9.611933859865133822e-01
9.612164003643578480e-01
9.612383959568484570e-01
9.612580008265798615e-01
9.612766519330845361e-01
9.612958883747856342e-01
9.613155564318950352e-01
9.613345195418453448e-01
9.613532641334533446e-01
9.613734283549064674e-01
9.613948233633928808e-01
9.614159563427066013e-01
9.614359462041707216e-01
9.614540904828108303e-01
9.614706596183043574e-01
9.614865980486971830e-01
9.615030922693862392e-01
9.615202359082297701e-01
9.615365224304929237e-01
9.615511679259413080e-01
9.615647281273179692e-01
9.615792636544182592e-01
9.615940879116334772e-01
9.616092868773580271e-01
9.616251964513914396e-01
9.616424269267929148e-01
9.616600003186639434e-01
9.616764553228265289e-01
9.616915583960009561e-01
9.617062229137419704e-01
9.617202173241761187e-01
9.617343361433460247e-01
9.617491189955887920e-01
9.617656853185539978e-01
9.617821193058277984e-01
9.617976530259826351e-01
9.618137013688700110e-01
9.618289111152578119e-01
9.618412177995687706e-01
9.618520985892464736e-01
9.618628719372359637e-01
9.618742835710529793e-01
9.618867714858746476e-01
9.618991765993489818e-01
9.619124776942102883e-01
9.619262856868480149e-01
9.619399761891087586e-01
9.619530241168329221e-01
9.619652010092631933e-01
9.619758513132892208e-01
9.619867447917170855e-01
9.619955821623701331e-01
9.620032658522439384e-01
9.620109690278404457e-01
9.620199570547687262e-01
9.620303185564137438e-01
9.620408604113082074e-01
9.620511367075011977e-01
9.620615412501829500e-01
9.620721954878536097e-01
9.620820391261958315e-01
9.620914118584334984e-01
9.620998605044115415e-01
9.621074567361810326e-01
9.621142454007378664e-01
9.621207207696637065e-01
9.621262228336660005e-01
9.621316012988594402e-01
9.621382366930836261e-01
9.621451771727922431e-01
9.621529931276142644e-01
9.621619202403198789e-01
9.621718330879343029e-01
9.621820141199917131e-01
9.621916668354684177e-01
9.622022047012447343e-01
9.622126235012063988e-01
9.622234956621570356e-01
9.622346933551180204e-01
9.622459942164535152e-01
9.622565384386313481e-01
9.622669810226189835e-01
9.622780993540263061e-01
9.622906060043652232e-01
9.623035420092385106e-01
9.623176818045204861e-01
9.623341658161912449e-01
9.623524696241786414e-01
9.623706408092566056e-01
9.623876432931462999e-01
9.624034855479868256e-01
