2.058215825651064576e-02
7.026584727695127652e-01
8.629029577165051590e-01
9.006426373743348091e-01
9.149038636403221680e-01
9.228508242716394472e-01
9.279844924707041365e-01
9.315755825490532605e-01
9.342240564660142521e-01
9.362464978050356601e-01
9.378118861402258144e-01
9.391041012213002803e-01
9.401988273261855378e-01
9.411531327477380415e-01
9.419689431200606311e-01
9.426707865588663804e-01
9.432919458870423490e-01
9.438459854010226024e-01
9.443518493885706411e-01
9.448167904974301701e-01
9.452466737054571189e-01
9.456515072873042937e-01
9.460287933124095217e-01
9.463840393263623918e-01
9.467195050054001415e-01
9.470367967065047576e-01
9.473349229223689827e-01
9.476163187111313890e-01
9.478849729353862053e-01
9.481345675801435835e-01
9.483616159452903371e-01
9.485719522604761922e-01
9.487663581128538137e-01
9.489503968220190933e-01
9.491295159725592345e-01
9.493017117754636303e-01
9.494682389962669777e-01
9.496297553313326478e-01
9.497819135128620083e-01
9.499207631771646732e-01
9.500439007414867021e-01
9.501563267940054125e-01
9.502591401357844969e-01
9.503527621205001275e-01
9.504443345076708516e-01
9.505311139646632768e-01
9.506201590535328094e-01
9.507111149975366882e-01
9.508032165857340789e-01
9.508944844093976112e-01
9.509871241768046435e-01
9.510811521736406426e-01
9.511721324935008548e-01
9.512635199336976211e-01
9.513517072417675413e-01
9.514382085293718871e-01
9.515204234215227652e-01
9.515974546959055091e-01
9.516718377476653945e-01
9.517435043964990182e-01
9.518141350554083502e-01
9.518865742218655113e-01
9.519580723097177399e-01
9.520302174537981221e-01
9.521022338156802656e-01
9.521722462801865960e-01
9.522421359601714874e-01
9.523091739585011206e-01
9.523736239131231907e-01
9.524388848877107794e-01
9.525046968832471261e-01
9.525691047264163158e-01
9.526296543858205901e-01
9.526905718658286171e-01
9.527488119145085532e-01
9.528074750163111339e-01
9.528629984600908154e-01
9.529148058561093260e-01
9.529616891151277969e-01
9.530028307886946326e-01
9.530373404155098038e-01
9.530698810674882449e-01
9.531000979889194813e-01
9.531272942579603891e-01
9.531550991544536222e-01
9.531824641983894786e-01
9.532085741949489766e-01
9.532352442716786056e-01
9.532591135202155286e-01
9.532821580733155109e-01
9.533093905190059836e-01
9.533401601865139074e-01
9.533716424953306845e-01
9.534030330843543677e-01
9.534333114153475952e-01
9.534645022237080436e-01
9.534949624536578350e-01
9.535254601008302799e-01
9.535573215230006561e-01
9.535889908574275431e-01
9.536217790911410974e-01
9.536518969217192554e-01
9.536805716279999068e-01
9.537089882940175123e-01
9.537386039131897641e-01
9.537668042427674964e-01
9.537944079193331204e-01
9.538211838838145384e-01
9.538473745330119380e-01
9.538717302674674103e-01
9.538948643189834042e-01
9.539159840899467113e-01
9.539355644847488103e-01
9.539518513063779404e-01
9.539668288514158156e-01
9.539817002884453112e-01
9.539977936724926000e-01
9.540135366487680901e-01
9.540298885820840402e-01
9.540469767560713077e-01
9.540630060391632750e-01
9.540785890370173661e-01
9.540929183116929613e-01
9.541077043303348715e-01
9.541228821207129451e-01
9.541383600257750119e-01
9.541551765540292607e-01
9.541713257370790791e-01
9.541880553913210106e-01
9.542066556730269822e-01
9.542276113238059576e-01
9.542502318428917052e-01
9.542740256063354520e-01
9.542979618602995817e-01
9.543237148010327298e-01
9.543486149665160179e-01
9.543724456091211561e-01
9.543953890985504840e-01
9.544177172517058771e-01
9.544382918415540429e-01
9.544574059238370989e-01
9.544750283283227610e-01
9.544918298400734136e-01
9.545064937219540635e-01
9.545218395921470922e-01
9.545361169604366092e-01
9.545498603442238439e-01
9.545636318970848189e-01
9.545774631261941812e-01
9.545905547778107403e-01
9.546046726712021924e-01
9.546173671538120686e-01
9.546294001716332245e-01
9.546391608979939436e-01
9.546485826595574320e-01
9.546580108669385778e-01
9.546668219743491557e-01
9.546764474198553563e-01
9.546875948233491949e-01
9.546993521045011866e-01
9.547121924871819765e-01
9.547255605371131049e-01
9.547388048695292229e-01
9.547518125204925710e-01
9.547643435041467397e-01
9.547762340142342818e-01
9.547881124866215430e-01
9.548007667922601138e-01
9.548138052626513606e-01
9.548264564388244668e-01
9.548382698894546383e-01
9.548500405820831149e-01
9.548618460496373084e-01
9.548744111174688465e-01
9.548868641967347415e-01
9.548988503885345036e-01
9.549089383158381183e-01
9.549196924148821708e-01
9.549309125913381102e-01
9.549426304599409887e-01
9.549551593784857406e-01
9.549681184610008255e-01
9.549812608110217482e-01
9.549950537646779702e-01
9.550091594093852443e-01
9.550236214969645143e-01
9.550387960869721748e-01
9.550552593076656605e-01
9.550726313055288852e-01
9.550897768868020776e-01
9.551059318757302297e-01
9.551221578364880171e-01
9.551387279198858549e-01
9.551556290589521270e-01
9.551727394719313757e-01
9.551899677450554904e-01
9.552054201509179165e-01
9.552207578244781283e-01
9.552371834435852138e-01
9.552535875638382690e-01
9.552703703976869187e-01
9.552879047323193928e-01
9.553051247813537650e-01
9.553203116564606967e-01
9.553320549035141385e-01
9.553407344256964473e-01
9.553482269142409278e-01
9.553550077752603897e-01
9.553614072026106463e-01
9.553674034886189270e-01
9.553727007502216262e-01
9.553774123431707510e-01
9.553814274302728782e-01
9.553850439824715934e-01
9.553877101524502757e-01
9.553903842812933034e-01
9.553936437276434601e-01
9.553980293181536521e-01
9.554033765313002524e-01
9.554094301298002856e-01
9.554160018310132729e-01
9.554225889993795962e-01
9.554295334828593056e-01
9.554364790152131137e-01
9.554435994269876442e-01
9.554504456025129100e-01
9.554568095429446517e-01
9.554624627799791492e-01
9.554669898895717939e-01
9.554707085576298331e-01
9.554741568823830189e-01
9.554774081535174490e-01
9.554816287722555090e-01
9.554867634904585794e-01
9.554925258386159914e-01
9.554983360477617982e-01
9.555046610789751371e-01
9.555113180541529028e-01
9.555176702688055190e-01
9.555241494857670270e-01
9.555306847010099913e-01
9.555379543685353916e-01
9.555459032907628325e-01
9.555538901079495551e-01
9.555624552316811515e-01
9.555718866576515813e-01
9.555830115660253199e-01
9.555944365619589709e-01
9.556061147972861880e-01
9.556180817331058064e-01
9.556301193905050173e-01
9.556420564001935070e-01
9.556535127288096065e-01
9.556640351064087380e-01
9.556731138706211492e-01
9.556807610908496509e-01
9.556874864316449170e-01
9.556937786259530609e-01
9.556995851697384081e-01
9.557054296195720555e-01
9.557112377913927759e-01
9.557169345292533258e-01
9.557221472905567117e-01
9.557270267685222809e-01
9.557319422056744784e-01
9.557361085200024586e-01
9.557397843066937071e-01
9.557432747023620889e-01
9.557468289440013143e-01
9.557505183223012901e-01
9.557547085876698656e-01
9.557594999289013016e-01
9.557647384571988924e-01
9.557696834527862340e-01
9.557743729620880035e-01
9.557791100407679874e-01
9.557838131283453720e-01
9.557887787807387570e-01
9.557940180242505690e-01
9.557997400691644607e-01
9.558060175348820353e-01
9.558130093312379172e-01
9.558202464142356858e-01
9.558275831658678001e-01
9.558348023360788703e-01
9.558416700777043751e-01
9.558486256284119964e-01
9.558560839446644808e-01
9.558639155725965342e-01
9.558715817142020565e-01
9.558789404938017320e-01
9.558847766194179529e-01
9.558895006964676089e-01
9.558944653500804911e-01
9.558994304701713407e-01
9.559041319942865877e-01
9.559081314044924893e-01
9.559115765289452060e-01
9.559146379415098815e-01
9.559173200342876431e-01
